35406
43503
60791
27047
38435
51553
63143
50689
53589
31141
17758
43260
30342
37786
45274
11205
4653
47697
51051
31375
24646
33960
25434
57211
52391
22108
14760
14698
26788
45754
13013
52988
19114
40976
57340
46406
36997
64078
41685
45386
12372
63906
38150
29004
34868
24303
1391
47508
9816
39061
39104
3495
39989
13809
2068
1453
46212
23502
56427
52647
1707
55220
54191
54206
26536
26660
14991
57984
64071
54353
4464
25980
52076
17221
22819
24797
48325
45233
10490
22816
38315
28991
60186
36308
4183
373
14295
10972
40569
11519
42472
32235
64671
20777
38236
33695
58599
45202
34500
55115
49417
40871
12655
62553
60947
42513
62129
58949
23458
28849
49097
48911
16706
50784
54179
6594
39112
20513
27826
22895
41194
24388
5169
27479
4423
27176
52050
26309
58879
30324
49855
11516
54731
22159
51459
360
4068
33695
46091
13486
51113
32240
46164
19984
12496
18324
46206
25725
51318
36938
53671
32168
23445
6916
14011
7105
64238
23670
35468
38032
40191
11139
62787
13445
18703
63580
71
34906
22611
33229
11312
52828
17541
37358
44337
34682
5023
22643
59213
20015
16318
28996
52179
34944
56789
15973
24610
43192
12086
44130
28147
37049
64998
48400
36535
17337
31727
52613
35047
31850
34669
48629
57104
30763
28937
13564
49144
29939
50820
47105
29886
1509
22525
20464
24730
43917
12757
49409
34044
38789
43001
54679
55240
24951
46878
64499
5937
52110
58936
7354
58057
49345
50062
33053
60118
5648
63112
17297
57646
35596
24280
51493
22805
13392
42039
21584
63696
11748
3282
55446
51101
55855
7452
51434
12304
24224
61170
58749
43395
46944
61830
53491
15802
63961
52253
62760
6705
61602
60723
33946
37171
34021
14969
64536
54707
44933
50852
49176
227
23032
9291
24247
45280
31096
13166
47923
40956
14792
17934
19818
47937
38193
26968
36998
30739
47065
4421
23305
58271
58261
30062
53449
17956
47314
38078
55511
20386
14275
6997
60994
58885
1154
43077
63364
38392
26599
8323
50455
51797
49001
40691
26837
45519
1771
51
50485
47721
31230
12463
16884
54709
62781
1584
19181
4813
26106
8307
10899
15137
48434
47045
33693
61526
11354
25212
31059
43826
64961
17287
54241
227
53504
10871
47652
50279
64677
27060
5439
12340
2811
22332
16274
61548
55060
61526
10561
2703
31480
9939
52265
37930
44710
16250
20576
31249
13155
64166
5483
17347
40466
13089
27472
30425
6192
14647
56836
43815
14304
35245
52602
23927
46679
1985
43314
27497
53048
38658
36797
57929
21888
43904
38286
25599
53601
3484
25279
942
12390
57252
49582
48786
1196
49222
47209
61504
62182
21020
47440
39704
38864
14401
48218
37232
54997
50879
52728
26952
35567
56564
64360
20039
64257
5507
59971
54195
8661
13196
51832
42263
55797
21955
25427
40962
48425
28182
30028
28253
6264
3529
34828
3895
44694
6906
65037
63035
15826
11034
12821
6116
23079
18148
48814
40231
19010
56637
26824
19378
15717
52356
36201
23495
35408
10738
14991
22715
17133
57014
7682
22817
30667
14111
19794
56965
8071
4838
14726
48512
62375
54236
19189
48548
21499
21209
3756
4035
42507
49001
15119
8272
54569
9774
19744
46589
56388
35327
3920
14707
18986
46377
63059
42382
52849
45232
9284
7945
18031
49072
52881
59932
53518
49892
15472
13250
58419
33930
8582
28190
39106
62738
34793
19277
43439
15933
7534
23264
24847
33229
40679
5052
45533
27692
24725
31011
30925
40767
61953
21984
42958
38843
29928
14028
29058
40104
5888
19864
16839
42670
56761
22863
61711
61582
34173
45669
36796
5384
3063
61357
61249
40338
51905
1994
40664
41484
1406
51780
64308
22835
63637
29765
43549
5434
52289
39383
65183
19693
5871
44263
20062
49505
39531
55910
55166
8056
44216
31444
65039
21798
55496
55773
2718
12559
2068
65342
16316
22917
19705
32170
50192
39704
51947
8603
6163
30794
23904
58804
21642
36991
25741
33572
24276
17781
28863
44632
23840
12712
36287
59877
42019
53250
24548
24146
58623
50122
37012
21746
47616
44953
42996
32963
42755
33043
8638
53878
60385
40464
35886
1723
65355
58348
54620
49086
27836
60626
40485
52973
813
25904
50531
21113
35314
20350
13273
40322
30775
8777
54306
10688
49136
34409
11062
24871
37126
50531
4495
11430
58232
27854
64196
24008
37173
22335
11850
11117
12510
53194
30636
47267
48042
22359
37774
36755
14516
15492
59732
60574
14578
37962
43905
58957
20402
42259
64302
57593
62861
50130
8594
14402
24009
21759
56708
47082
53831
50874
26333
61561
42683
12154
28248
60831
58115
55950
37564
35807
27812
39591
37806
3003
58008
47104
52230
27095
6981
52360
2246
2135
29865
49719
50083
56752
265
26482
49188
25356
18572
63629
28005
4100
30994
29984
42095
13714
45749
20846
4197
22079
53185
55481
62081
47361
56369
33353
64588
26102
6533
16743
40757
13249
14889
65003
44343
12465
43505
32867
15302
57243
39295
8086
60466
17491
55134
58997
37836
6820
44267
3759
34424
17238
15760
63077
53305
8403
46659
58350
35300
26481
49196
19163
17106
40834
38334
65095
37199
2153
9218
1940
7687
44855
17514
17172
36804
53275
13400
36614
17718
9056
33059
14887
46533
39947
4060
32460
4520
43764
16822
37845
32776
3070
26327
9837
24802
61471
19482
44058
47977
25706
10948
50538
33040
49238
13773
2917
19964
47819
28029
56979
39081
18844
59852
47807
57715
22814
62589
55323
63126
42170
49080
32323
8011
58643
21248
61670
20594
14266
8468
44581
2929
7870
13325
19714
21676
63220
46012
29633
11853
63953
56204
31844
7857
11876
750
42351
43889
27559
52244
26666
2899
18480
43676
22801
5713
34733
60683
1059
9247
63619
6859
35478
53942
27378
33596
31570
55382
21049
9024
57585
4851
1770
52233
53154
693
35557
39367
45367
4586
4775
4562
3600
19273
41027
38845
56549
64375
18713
40511
18932
52463
42013
64965
3455
4570
41501
1410
35645
34380
12066
9920
7434
800
25449
58304
48312
34383
24147
62830
12316
3507
48529
19511
28865
62608
51696
45665
9075
34704
10433
55244
1010
3619
6154
33300
29779
38852
56302
30495
16046
61347
10289
38233
47144
30255
34944
59974
6054
36248
22744
39031
3358
20929
64465
1748
41641
35966
4710
20377
43694
4495
26358
49870
34907
49669
38677
49524
56928
33169
54451
20903
40116
2391
4625
52040
