4724
4573
17017
29599
45611
18053
51569
50335
14414
18338
4629
6923
21674
23781
37466
24045
48958
19441
6519
33444
55827
50061
5614
49760
6062
61529
51051
17823
6354
42272
19627
54730
38462
19943
65463
27781
28434
11313
55051
10188
10212
49464
63485
8170
60042
30723
28980
23252
41039
33234
19032
1543
6468
56124
970
50831
47202
52287
1352
15577
48910
8498
51208
24997
55338
21147
10168
39136
50275
54930
53391
55526
13476
43899
18207
3765
46309
39548
19346
40010
40743
50031
5393
62458
3280
19813
65100
37982
41312
59787
6340
4708
26097
35661
52453
9488
9750
60321
14415
24039
19963
16164
40242
7405
64579
56110
40119
32065
12645
17762
34302
12853
63268
32795
4879
14954
20244
1075
1987
47476
19273
13010
19505
24226
6784
38848
65272
21364
3548
54095
17377
29742
51996
45415
7016
27304
26781
55079
42847
26106
6439
37109
60213
31364
10810
62639
19123
64416
20798
36670
62320
17746
55325
50618
39747
48807
63815
35218
58235
20334
19404
55458
34161
60391
14983
7660
43915
12552
13157
2697
29270
45665
9751
4085
8713
37328
33264
45572
55775
9992
45545
24344
61105
60466
63862
5546
25815
837
65063
36432
42391
34810
32291
58921
49572
31270
2968
24173
22406
30345
52969
63467
7629
11923
36166
50164
24660
48380
38236
17504
44419
39663
59574
12771
59177
17129
31680
20346
51650
2307
51514
27365
22479
36493
7562
27133
62674
36642
58458
60120
6015
53652
13252
60819
33838
26055
44618
41641
56027
19419
21529
31720
50720
20292
50916
12512
19948
37836
63095
32298
14488
47400
55462
63847
12902
58941
14991
40622
52748
46452
31912
32614
45955
14817
5022
47781
19561
59346
30611
11327
29244
29901
5699
54806
35161
2398
19695
16132
47017
52368
8540
61582
42614
46008
46970
63469
20173
3039
32796
13625
30504
47711
3653
13228
49709
13018
61665
58707
59707
30632
65476
37547
7383
43365
12657
34853
41080
6332
21797
63624
55762
1323
20145
24579
62668
8823
41352
43101
24590
14124
64243
57335
10696
7950
55794
33451
17488
52986
39799
57874
1402
41694
54292
61947
36278
58378
37552
43657
58363
40134
37700
58236
25798
8120
35444
22561
1065
13548
7232
49473
59440
21730
9769
16018
4455
21208
16781
50150
23972
3124
37504
52170
56671
16941
31648
6568
39034
28312
56698
1372
54300
54159
26896
20822
15104
344
56986
24431
62465
50531
1157
12185
27302
47587
48284
43762
64097
13950
63274
38255
43629
2385
51986
7435
1230
25332
45004
26348
53828
41475
36786
64981
7774
61849
4081
29067
34106
58388
15429
24846
3965
42733
37261
10666
7098
3933
53107
26423
19969
26738
49449
46845
45609
37969
23533
59960
6819
6583
51606
12302
61341
7929
43680
9397
45075
663
38793
5400
9115
16831
35330
55157
59198
7269
52409
4818
36081
63462
41364
44193
56196
55831
21334
54779
63282
37330
36406
7363
59642
48551
58358
16569
24420
65410
24806
58812
54760
21292
14674
41756
64480
55256
22271
14362
6187
63598
65134
45149
54908
60834
51230
7051
60970
11778
48383
51870
9074
48495
54070
12119
29305
3358
13108
59210
41653
33189
18815
55323
59505
58287
33077
48740
42120
17517
45898
8234
16190
59002
36846
12113
48539
55651
4068
3160
12347
24382
60430
50674
53766
17184
7949
60173
27803
47907
4422
4902
57810
43784
38837
12259
1453
25582
52005
7170
60665
48123
44295
49720
39493
23752
57910
31556
22543
58061
42984
16743
56083
12683
50471
61679
30187
45472
10352
42398
42745
58862
16164
1034
15888
26004
55326
53372
22424
14319
38330
2777
49840
22611
62124
5359
54709
46951
39380
26157
44156
63860
4306
31235
46126
60068
20667
64653
56742
50637
3429
32917
57237
63078
56106
2652
24768
38165
45717
32786
26544
1456
10698
11318
62311
32888
6713
17093
34672
64570
57284
8502
53210
38659
20844
26200
22318
54398
32043
8913
54257
36617
56567
10625
33827
26793
35944
55421
50969
42459
12596
48140
65405
19438
5889
56670
19520
59780
3445
55982
54928
51191
5958
34446
65496
14940
61471
31840
19688
2186
62936
6369
23905
27806
34293
39717
57427
64904
25352
58654
19233
5215
3147
44664
5666
33248
1408
53789
38384
45193
6948
16844
53294
58411
35006
46140
14925
7094
12645
11741
28523
1017
36677
29208
4885
25631
43689
24495
14621
54539
60828
24209
27031
28133
31586
50306
19169
16384
23666
24672
60904
3444
11591
58913
59696
1595
33160
30702
53661
39368
6988
65346
6927
34046
51246
62487
6746
20682
55701
54243
21768
61940
897
12053
50399
18970
2856
26085
27815
61896
15786
64705
64639
7916
42062
45636
11538
14183
26837
3022
32293
57312
48617
65451
44154
12555
57250
23509
14682
27627
43819
60243
61814
42562
50227
37428
25833
48570
63608
19802
36503
36984
22072
26649
34843
20282
22362
16909
39344
26059
18822
42068
27814
17680
16598
8655
52139
33820
28
5044
35014
44603
17542
62864
42221
26798
19373
47880
13344
50737
36938
528
10640
59092
1034
3605
58718
53795
14706
22607
10252
40545
20739
20245
51626
58439
13739
62956
1032
35055
65439
23184
17018
35399
48935
58455
44642
37684
39869
2966
14670
11835
5300
61973
51901
56808
20607
5318
50254
48080
9149
5507
544
28676
49943
41626
18934
60791
44919
17602
10595
55887
13519
23506
11566
32717
62892
37578
12674
35471
14944
23836
3720
27530
42718
44499
53020
21195
16389
40245
55935
12462
17599
28542
26016
63344
58058
48940
12270
12216
40765
2941
2566
27983
57610
47238
9502
2081
13709
36254
24574
52926
1311
55653
5403
62821
46592
50295
44037
62816
63154
46321
59964
11857
46225
27169
46025
5193
20539
8361
19968
23656
62824
22699
60860
42128
44933
359
16816
23437
21969
56396
4049
29830
47461
58650
58995
37960
29531
49516
17594
45077
12768
30885
42676
27987
44570
37131
11818
18197
23415
49497
34319
33614
2124
35375
25055
11395
51556
41458
6179
36791
45776
19272
16014
34802
45531
39698
33284
10892
52019
51912
52462
6316
38593
59304
62753
56379
60750
12879
57451
47173
52313
3515
17885
18363
49052
27694
53851
8359
65233
48253
39737
36605
36580
46894
424
55256
22721
22697
47161
30213
25289
24767
47179
27126
22017
59537
2804
13145
45663
55839
14108
59443
40799
10585
32886
20141
1253
47368
28608
63953
34076
30530
6109
26844
