15534
48161
46793
8997
14088
26222
8129
32070
41547
12123
42222
1876
54191
16189
58287
12213
56676
32502
35383
51278
31367
21188
17593
9377
16814
55448
59489
38886
12499
46089
60511
33610
50991
16130
49986
27616
9659
15781
60221
16221
41577
39461
431
58543
65036
55934
61626
62454
63153
57981
33810
24328
18699
39041
40921
31247
47286
24362
47197
8708
23006
16873
30551
17980
56427
43643
6667
20962
55928
31207
40567
29660
22233
13531
23622
36248
28181
25024
60204
17937
20862
19023
62322
58308
41643
39855
41363
53560
10832
13055
21172
6583
16862
6424
49108
29098
32897
58228
31031
5540
52060
33265
9445
44801
39826
54654
23087
39717
33716
11094
33747
11563
61288
3837
16898
28590
3076
33720
57463
22274
23902
4079
39417
27294
59421
37670
17867
32826
6024
23940
21354
60151
45546
44674
33082
22229
47276
42024
53829
43776
64069
50367
61863
40565
14499
63139
26213
61523
131
48501
58373
23087
57888
34014
16927
42257
31586
14425
35510
48076
21521
16616
25575
64848
42787
40300
22544
27017
58911
19767
6151
59885
44532
54779
26558
60869
31992
47960
36541
49243
18692
14007
44508
28216
63599
5747
33348
11549
10707
7039
54783
6809
60059
29038
3988
48384
21665
30120
6035
7385
13429
13446
46053
1864
5652
5598
51248
14144
31162
45730
55353
51540
42854
51937
8158
42803
6905
41672
29564
4749
58822
34498
30312
21849
35341
63087
4873
62848
47794
40037
15401
54893
23179
10650
2186
4486
62584
53084
5123
16889
25798
5607
37787
44655
22315
24691
48992
28340
44919
34330
40092
4582
40866
31097
117
46687
39221
17341
64918
11432
2927
23324
12830
64829
59464
7381
25893
48063
47569
30690
6164
23439
64632
27616
38596
32833
58125
14243
21840
29105
23531
127
11008
15980
29880
30458
2519
8643
14654
58258
63825
51965
6875
63136
21581
9204
24151
21931
1203
35876
7940
54948
55043
44245
7334
37641
6977
31114
53147
59881
60256
10079
32984
23699
22617
54564
21272
9836
57814
54908
3369
394
24605
36072
58360
46901
34762
3149
43745
43473
31307
29580
29574
15601
12315
34676
22686
60693
43470
17648
39634
39573
42545
28953
22652
22319
32118
47317
37489
17305
50876
26760
17995
22156
40372
48383
41700
24988
62605
890
35656
13679
2662
19952
8373
20354
17213
11397
6680
11103
37607
19400
37047
55390
64636
54081
15115
18457
21002
5898
489
24767
6202
29706
30148
62914
57012
46918
1009
41255
23321
6020
21215
5203
28967
52206
57908
57552
4553
35903
50491
15454
29772
36309
62704
45049
52027
50976
34792
35764
55678
46613
60149
63845
1754
35183
41721
31371
3237
13677
59329
58062
34604
42412
38567
39971
38315
17740
13121
23650
56457
32397
24970
55826
19344
33287
354
28578
50902
42440
46047
44468
31923
27663
35124
22057
16482
53902
10001
5992
38662
58392
15456
8508
24417
49616
15879
38798
43597
62584
28949
17188
48795
62648
18411
14715
38306
32834
14789
39865
51529
44025
64607
54481
53458
16094
30541
49558
6466
61642
52585
1524
35158
49435
27483
8676
4578
63178
30854
642
14835
6926
12856
14515
1371
41993
21911
23306
64339
13343
37955
37962
32084
38656
16309
61304
35602
44337
37058
36339
45819
37942
47383
55250
28190
49858
56542
41748
56843
57298
6276
51029
41562
36692
21214
8627
50508
43365
9240
31762
2788
39082
63246
27559
59036
23195
31302
8570
8580
41098
51407
27669
40846
19381
36698
10399
32506
18444
4041
64261
64281
6884
54008
64771
31576
12994
13891
54050
11267
42483
50757
10552
32401
64809
35583
28149
18143
28634
26823
62148
39131
34870
30275
37684
33246
3612
26396
12520
41381
53749
50898
42988
7123
5149
58405
9812
27441
53633
48382
53924
3857
54465
35385
29163
36887
37596
25386
55743
57366
15616
53112
48909
65338
7513
37977
14777
11043
64598
64872
47640
45569
34224
51862
20752
3888
10784
39256
61977
59353
60141
28771
42973
14316
39262
16460
48335
55615
956
63870
18825
5028
5736
58977
59014
5113
20456
30866
57108
46413
56451
44771
62315
39204
63473
49335
47318
65031
43894
16287
64597
25919
58135
25305
16060
60633
1925
34578
48437
16748
37444
90
20066
24190
22628
27270
16275
40051
56496
32145
59019
6770
52765
46668
42976
45405
49448
38906
8154
50614
11507
63365
4213
28827
7495
17717
56019
14042
58295
40014
2439
30750
16940
2346
47989
45651
6688
54311
18806
58830
3160
8947
781
51511
46872
12268
21804
63298
23237
2393
39165
61387
47381
60876
27774
14517
32641
12562
7075
25745
40163
13043
53952
31876
35376
32768
8860
43964
63877
12789
40964
62406
7005
8745
62467
46649
59909
25116
41899
34747
50559
44579
52853
50864
22630
31013
34113
814
57089
43053
37363
18991
48901
52762
15579
45568
3789
31789
498
9567
32792
10576
12377
56437
51997
63570
4902
27255
34100
51893
48978
60168
30862
11028
47076
1877
29410
40171
52111
3789
54723
18624
26143
48734
24263
8444
55363
435
58889
58846
8801
43037
41186
39808
44675
53536
39889
25880
13131
36542
2772
29069
4515
44237
6643
61551
49510
45014
35412
28896
62055
25287
33024
46809
36715
54312
65065
62445
48203
35078
58415
28850
42813
14397
53066
28651
52287
21503
12181
24198
20537
29713
45592
65526
56474
49435
32694
3862
58279
27437
52666
60897
13865
2825
43189
15030
7254
20964
27161
3672
49816
21814
29079
60248
20172
65426
12030
853
45216
6918
22117
63972
36731
6420
61783
7472
13988
13950
31276
41642
11503
6610
1449
40871
9418
16770
53281
37919
3051
58652
4383
42419
25500
43998
26979
25638
25567
21672
23761
48152
12487
8115
17187
51599
4656
11381
49456
36841
59281
46338
59190
20638
15161
63344
22956
47993
26372
1135
44872
33472
14354
37758
21240
53632
46078
24703
33090
41653
57441
40685
20638
17244
18836
23508
27032
12246
6109
35929
6313
42163
42625
19006
36484
23637
10053
56707
28325
7149
2698
39331
38262
33666
53475
59582
18749
33858
790
46858
47669
30328
16616
38876
55338
58193
23129
45906
34163
9940
62019
49856
8788
22913
14555
608
18134
53308
24743
8973
24118
41375
52536
32464
13504
17124
59640
24966
35072
35194
39511
21356
23118
23130
35147
26917
11016
35437
41097
35580
19023
64838
18987
65271
43630
52769
62015
52792
58432
15330
64219
39225
1817
